5
1.4777         0.13388        0.0060769      -0.045476      -0.19684
-0.071774      0.85464        0.011071       0.080166       -0.050789
0.07256        -0.06342       1.1197         0.32827        -0.15277
0.17917        -0.21397       -0.0099591     1.0815         0.032926
-0.67464       -0.045746      -0.18253       -0.051832      1.0443
5
   0.7277  -0.0958   0.0192   0.0383   0.1341
   0.0996   1.1394   0.0000  -0.0766   0.0766
   0.0575   0.0000   0.9154  -0.2681   0.1532
  -0.1149   0.2413   0.0000   0.9001  -0.0383
   0.4788   0.0000   0.1724   0.0192   1.0724
   1.4363
  -1.6431
   6.0514
  -3.4508
   5.5727